1 17 27
2 76 85
3 73 8
4 46 77
5 60 42
6 53 6
7 10 5
8 86 8
9 17 75
10 94 13
11 25 84
12 6 100
13 11 83
14 35 55
15 52 61
16 57 16
17 54 25
18 77 66
19 12 89
20 28 12
21 94 48
22 5 95
23 67 45
24 97 64
25 62 73
26 41 61
27 77 73
28 30 49
29 62 81
30 35 53
31 36 29
32 83 77
33 52 99
34 5 81
35 64 88
36 70 65
37 29 61
38 89 70
39 13 83
40 4 33
41 40 42
42 2 96
43 70 30
44 18 84
45 87 25
46 98 2
47 99 61
48 75 25
49 98 100
50 36 91
51 1 83
52 83 14
53 50 75
54 77 24
55 31 26
56 59 5
57 55 10
58 20 6
59 66 86
60 32 22
61 38 47
62 97 12
63 42 10
64 83 67
65 97 17
66 77 26
67 12 4
68 29 6
69 46 13
70 78 32
71 34 62
72 21 17
73 33 8
74 81 68
75 11 98
76 11 20
77 73 36
78 88 98
79 16 84
80 24 57
81 54 13
82 83 75
83 30 49
84 30 50
85 73 64
86 16 11
87 65 89
88 12 27
89 83 57
90 8 95
91 39 46
92 11 70
93 59 60
94 83 38
95 86 55
96 45 73
97 79 94
98 13 38
99 3 37
100 18 89
