1 2 62
2 28 41
3 40 90
4 65 18
5 86 96
6 72 39
7 73 87
8 69 63
9 99 38
10 5 2
11 24 83
12 49 32
13 2 83
14 84 99
15 88 73
16 2 64
17 56 62
18 13 55
19 21 84
20 80 87
21 78 83
22 65 99
23 64 70
24 47 86
25 67 46
26 68 2
27 9 55
28 5 70
29 98 59
30 62 33
31 52 19
32 85 54
33 25 18
34 15 20
35 18 64
36 14 18
37 52 28
38 27 51
39 86 9
40 7 53
41 38 50
42 97 59
43 44 91
44 2 8
45 1 91
46 39 20
47 7 73
48 98 90
49 30 84
50 37 92
51 55 39
52 16 72
53 29 29
54 22 53
55 65 70
56 76 36
57 81 45
58 78 44
59 41 42
60 8 67
61 33 77
62 4 95
63 34 48
64 57 99
65 83 20
66 74 83
67 59 18
68 11 88
69 18 19
70 67 16
71 45 75
72 88 40
73 62 12
74 49 3
75 5 25
76 84 91
77 90 48
78 12 60
79 91 25
80 4 3
81 9 19
82 64 67
83 3 39
84 46 33
85 52 81
86 56 26
87 85 66
88 46 73
89 96 76
90 19 32
91 53 47
92 6 37
93 100 20
94 75 31
95 61 15
96 38 21
97 97 68
98 19 8
99 52 12
100 27 84
